[position]
    x : 2
    y : 11

[current block]
    id : 3

[next block]
    id : 2

[rotation]
    rot : 3

[grid]
    9 9 9 9 9 9 9 9 9 9 9 9 
    9 0 0 0 0 0 0 0 0 0 0 9 
    9 0 0 0 0 0 0 0 0 0 0 9 
    9 0 0 0 0 0 0 0 0 0 0 9 
    9 0 0 0 0 0 0 0 0 0 0 9 
    9 0 0 0 0 0 0 0 0 0 0 9 
    9 0 0 0 0 0 0 0 0 0 0 9 
    9 0 0 0 0 0 0 0 0 0 0 9 
    9 0 0 0 0 0 0 0 0 0 0 9 
    9 0 0 0 0 0 0 0 0 0 0 9 
    9 0 0 0 0 0 0 0 0 0 0 9 
    9 0 3 3 0 0 0 0 0 0 0 9 
    9 0 0 3 0 0 0 0 0 0 0 9 
    9 0 0 3 0 0 0 0 0 0 0 9 
    9 0 0 0 0 0 0 7 5 0 0 9 
    9 0 0 0 0 0 7 7 5 5 0 9 
    9 0 0 0 0 0 7 4 4 5 1 9 
    9 1 0 0 0 0 6 4 4 0 1 9 
    9 1 0 0 0 7 6 6 6 0 1 9 
    9 1 2 0 7 7 6 6 6 5 1 9 
    9 1 2 0 7 4 4 3 6 5 5 9 
    9 9 9 9 9 9 9 9 9 9 9 9 
